AHS: 3686, 3689, 1689, 3683, 3688, 2677
AL: 113, 124, 209, 116, 6, 208, 210, 105, 211
ARC: 3014, 1101, 3021, 3003, 1001, 2008, 2026, 3102, 3011, 3018
B1: 378, 273, 271, 374, 370
B2: 351, 151, 149, 150, 355
BMH: 2703, 2420, 1621, 2402, 3023, 1005, 1633, 1016, 1703
C2: 273, 278, 160
CGR: 1208, 2201, 1301, 1302, 1111, 4224, 1300
CPH: 3681, 3679, 3604, 1346, 1324, 3607, 3602, 4335, 4333, 1333
DC: 1351, 2568, 3701, 2585
DMS: 3129, 3022, 2024, 2022
DWE: 3522A, 1518, 3517, 2527, 1502, 1513, 1407, 1501, 1427, 3516, 3522, 1417, 3518, 2402, 1515, 2529, 3519
E2: 2363, 3348, 2364, 2356, 3341, 3347, 1303, 1310, 3346, 1306, 3344, 3356, 2356A, 3354
E3: 2119, 3164, 3174, 2103, 3178
E5: 6004, 6127, 6113, 6005, 5106, 6006, 3101, 4106, 6002, 3052, 6008, 3102
E6: 4022, 2024
EC4: 2027, 2031, 2101A
EC5: 1026, 1027
ECH: 1219, 1205, 1237, 1209, 219, 1218, 1224A, 1230, 1222, 1231, 1220
EIT: 2014, 5027, 2044, 1013, 1009, 3145, 3141, 1015, 3151, 2053
ERC: 3012
ESC: 305, 342, 149, 303
EV1: 132, 134, 350, 225, 240, 131
EV2: 2041, 2002, 2069, 1014, 1002A, 2006
EV3: 4408, 3408, 4412, 2402, 1408, 3412, 3406
HH: 1101, 124, 1108, 1104, 139, 280, 227, 123, 336, 159, 138, 2104, 259, 180, 1106, 344, 2107, 1102, 345, 235, 3158, 150, 334, 119
IHB: 2018, 0018
LIB: 428
M3: 2134, 3127, 1006, 3103
MC: 2034, 4061, 6486, 4020, 3003, 4064, 4059, 2066, 4060, 4045, 5403, 1085, 3005, 4042, 3027, 1056, 4040, 2054, 2065, 4058, 3006, 5479, 4041, 6460, 4021, 2035, 2017, 4063, 2038
ML: 113, 216, 117, 259, 315, 246, 109, 354, 311, 349
OPT: 1129, 347, 309, 439, 402, 420, 440, 401
PAS: 1098D, 2083, 2086, 3026, 1237, 1103, 1229, 2271, 1418, 1241, 4032, 4053, 2259, 2084, 2085
PHR: 1012, 2024, 3026, 2019, 2009, 1008, 3007, 1004
PHY: 309J, 313, 321, 318, 212, 308, 235, 342
QNC: 2502, 1507, 1502, 4104, 2614, 2506, 1201, 1506, 2501, 2611
RCH: 205, 302, 307, 110, 212, 206, 209, 306, 103, 112, 108, 106, 208, 309, 308, 109, 101, 207, 105, 211, 204, 305, 301
REN: 1928, 1920, 1924, 0222, 2922, 2104, 0218, 2924, 0403, 1303, 0104, 0402, 0901, 1926, 2107, 0201, 2928, 2918, 1918, 2930, 2926, 2102, 2920, 2106
SJ1: 3014, 2007, 3015, 3013, 3020, 2011, 3016, 3027, 3012, 2009
SJ2: 2003, 2002, 2007, 2001, 1002, 1004
STC: 3014, 3019, 0050, 1012, 4008, 4019, 5002, 0040, 0010, 0020, 3039, 3028, 4009, 1019, 3029, 0060, 3018
STP: 201, 105